0.452572
image_0401 0.165107 3 0.000000 0.495322 0.000000
image_0331 0.181625 3 0.000000 0.544874 0.000000
image_0845 0.516386 3 0.712079 0.837077 0.000000
image_0337 0.073433 1 0.073433
image_1100 0.785495 1 0.785495
image_0865 0.394809 2 0.789618 0.000000
image_0107 0.214684 4 0.033728 0.000000 0.000000 0.825008
image_0760 0.875294 1 0.875294
image_1098 0.620832 1 0.620832
image_1283 0.794214 1 0.794214
image_0950 0.861643 1 0.861643
image_0602 0.753987 2 0.808332 0.699643
image_1341 0.148264 3 0.000000 0.000000 0.444791
image_0997 0.180373 5 0.000000 0.484229 0.000000 0.417635 0.000000
image_1363 0.152549 3 0.457647 0.000000 0.000000
image_0588 0.359783 2 0.719565 0.000000
image_0140 0.686616 1 0.686616
image_0085 0.509373 3 0.000000 0.774670 0.753449
image_1440 0.514737 3 0.850881 0.247846 0.445484
image_0779 0.896968 1 0.896968
image_0433 0.534188 2 0.408505 0.659872
image_0906 0.436295 2 0.872590 0.000000
image_0967 0.757001 1 0.757001
image_0307 0.411278 3 0.000000 0.772258 0.461577
image_0506 0.036920 6 0.000000 0.000000 0.000000 0.000000 0.221520 0.000000
image_0612 0.501934 1 0.501934
image_1368 0.336255 3 0.000000 0.785166 0.223600
image_0049 0.222225 5 0.000000 0.000000 0.000000 0.765402 0.345723
image_1057 0.673904 2 0.804118 0.543691
image_0357 0.383561 2 0.000000 0.767122
image_0577 0.687846 1 0.687846
image_1146 0.000000 3 0.000000 0.000000 0.000000
image_0567 0.422719 2 0.845437 0.000000
image_0268 0.225936 3 0.173745 0.504062 0.000000
image_1429 0.000000 1 0.000000
image_0213 0.663310 2 0.767668 0.558952
image_0646 0.103943 4 0.000000 0.000000 0.000000 0.415771
image_0578 0.332709 3 0.561117 0.437009 0.000000
image_0758 0.275517 3 0.136735 0.689817 0.000000
image_1266 0.887743 1 0.887743
image_0144 0.474621 2 0.149392 0.799850
image_0676 0.769983 1 0.769983
image_1224 0.736956 1 0.736956
image_0909 0.219688 3 0.000000 0.000000 0.659065
image_0407 0.295538 3 0.000000 0.886614 0.000000
image_0849 0.771721 1 0.771721
image_0790 0.429552 2 0.629434 0.229670
image_0350 0.814759 2 0.834197 0.795322
image_0115 0.320654 5 0.909363 0.482580 0.000000 0.000000 0.211329
image_0749 0.768541 1 0.768541
image_0593 0.786547 1 0.786547
image_1310 0.377136 2 0.754272 0.000000
image_0896 0.215112 4 0.000000 0.860446 0.000000 0.000000
image_1115 0.460157 2 0.000000 0.920314
image_0480 0.085092 4 0.340370 0.000000 0.000000 0.000000
image_0731 0.800563 1 0.800563
image_0684 0.657586 1 0.657586
image_1099 0.452921 2 0.905843 0.000000
image_1110 0.282015 4 0.000000 0.838856 0.000000 0.289205
image_0269 0.316278 2 0.000000 0.632557
image_0938 0.696711 2 0.726400 0.667022
image_1295 0.183985 3 0.551954 0.000000 0.000000
image_0370 0.341828 2 0.683657 0.000000
image_1301 0.209241 5 0.235151 0.000000 0.811054 0.000000 0.000000
image_0692 0.815789 1 0.815789
image_0292 0.180801 4 0.000000 0.000000 0.723204 0.000000
image_1046 0.010125 4 0.000000 0.000000 0.000000 0.040502
image_0580 0.526499 1 0.526499
image_0046 0.903604 1 0.903604
image_1445 0.000000 1 0.000000
image_0931 0.581881 1 0.581881
image_0355 0.483065 3 0.757582 0.691612 0.000000
image_0885 0.476016 3 0.583498 0.844551 0.000000
image_0563 0.235307 3 0.000000 0.705922 0.000000
image_0274 0.085963 5 0.429813 0.000000 0.000000 0.000000 0.000000
image_0178 0.434278 4 0.755796 0.642374 0.338943 0.000000
image_0437 0.880285 1 0.880285
image_0937 0.124109 4 0.016564 0.479872 0.000000 0.000000
image_1405 0.254785 3 0.000000 0.764354 0.000000
image_1392 0.687151 2 0.498629 0.875674
image_0895 0.822864 1 0.822864
image_1209 0.258854 5 0.000000 0.615232 0.000000 0.679037 0.000000
image_1177 0.005996 4 0.000000 0.000000 0.023986 0.000000
image_0118 0.289652 3 0.000000 0.868956 0.000000
image_0961 0.364989 1 0.364989
image_0868 0.209087 6 0.000000 0.367120 0.000000 0.406934 0.000000 0.480467
image_1291 0.039551 3 0.118652 0.000000 0.000000
image_0995 0.583937 1 0.583937
image_0974 0.374797 3 0.924805 0.000000 0.199586
image_1314 0.792341 1 0.792341
image_0394 0.143893 5 0.000000 0.000000 0.000000 0.000000 0.719467
image_1434 0.292119 1 0.292119
image_1299 0.894777 1 0.894777
image_1079 0.371209 2 0.000000 0.742419
image_0529 0.182521 2 0.000000 0.365041
image_1134 0.720326 1 0.720326
image_0714 0.838072 1 0.838072
image_0891 0.812003 1 0.812003
image_0486 0.829113 1 0.829113
image_0320 0.704771 2 0.704565 0.704978
